                                   TABLE STROKE BETA
                                         MALES
                 TOTAL/ISCHEMIC STROKE in persons with no CVD (U.S. Betas)
         AGE      SBP       LDL           SMOK       HDL       BMI         Diabetes   Meds   

          1    0.021500    0.004814    0.022300   -0.008100    0.000000    0.784700    0.000000    0.000000
          2    0.019600    0.004814    0.022300   -0.008100    0.000000    0.784700    0.000000    0.000000
          3    0.017800    0.004814    0.022300   -0.008100    0.000000    0.784700    0.000000    0.000000
          4    0.015900    0.004814    0.022300   -0.008100    0.000000    0.784700    0.000000    0.000000
          5    0.014000    0.004814    0.022300   -0.008100    0.000000    0.784700    0.000000    0.000000
          6    0.012200    0.005100    0.022300   -0.008100    0.000000    0.784700    0.000000    0.000000

                    HEMORRHAGIC STROKE in persons with no CVD (U.S. Betas)                  
 	          SBP       LDL           SMOK       HDL       BMI         Diabetes
          1      .0         0.0          .0          .0        0.0         .0         0.0     
          2      .0         0.0          .0          .0        0.0         .0         0.0    
          3      .0         0.0          .0          .0        0.0         .0         0.0     
          4      .0         0.0          .0          .0        0.0         .0         0.0
          5      .0         0.0          .0          .0        0.0         .0         0.0
          6      .0         0.0          .0          .0        0.0         .0         0.0
                                        FEMALES
                   TOTAL/ISCHEMIC STROKE in persons with no CVD (U.S. Betas) 
 	          SBP       LDL           SMOK       HDL       BMI         Diabetes
          1    0.021500    0.005100    0.022300   -0.008100    0.000000    0.784700    0.000000    0.000000
          2    0.019600    0.005100    0.022300   -0.008100    0.000000    0.784700    0.000000    0.000000
          3    0.017800    0.005100    0.022300   -0.008100    0.000000    0.784700    0.000000    0.000000
          4    0.015900    0.005100    0.022300   -0.008100    0.000000    0.784700    0.000000    0.000000
          5    0.014000    0.005100    0.022300   -0.008100    0.000000    0.784700    0.000000    0.000000
          6    0.012200    0.005100    0.022300   -0.008100    0.000000    0.784700    0.000000    0.000000

                    HEMORRHAGIC STROKE in persons with no CVD (U.S. Betas)                  
 	          SBP       LDL           SMOK       HDL       BMI         Diabetes
          1      .0         0.0          .0          .0        0.0         .0         0.0     
          2      .0         0.0          .0          .0        0.0         .0         0.0    
          3      .0         0.0          .0          .0        0.0         .0         0.0     
          4      .0         0.0          .0          .0        0.0         .0         0.0
          5      .0         0.0          .0          .0        0.0         .0         0.0
          6      .0         0.0          .0          .0        0.0         .0         0.0














